P1 1 300 3
P2 3 400 7
P3 5 200 2
P4 8 500 6
P5 10 250 4
P6 12 350 5
P7 15 450 3
P8 18 150 2
P9 20 500 7
P10 23 300 4
P11 25 200 3
P12 28 400 6
P13 30 250 5
P14 33 350 7
P15 36 450 4
P16 38 150 2
P17 40 500 8
P18 43 300 3
P19 45 200 4
P20 48 400 6
P21 50 300 5
P22 53 250 3
P23 55 450 4
P24 58 350 6
P25 60 150 2
P26 62 500 5
P27 65 300 7
P28 68 200 3
P29 70 400 4
P30 73 450 6
P31 76 250 2
P32 78 350 4
P33 80 500 7
P34 83 300 3
P35 85 150 2
P36 88 200 6
P37 90 400 4
P38 92 500 5
P39 95 450 7
P40 98 300 3
P41 101 200 4
P42 104 400 6
P43 106 250 5
P44 109 350 3
P45 112 150 2
P46 114 500 7
P47 117 300 4
P48 120 200 3
P49 123 400 6
P50 125 450 5