P1 1 300 3
P2 3 400 7
P3 5 200 2
P4 8 500 6
P5 10 250 4
P6 12 350 5
P7 15 450 3
P8 18 150 2
P9 20 500 7
P10 23 300 4
P11 25 200 3
P12 28 400 6
P13 30 250 5
P14 33 350 7
P15 36 450 4
P16 38 150 2
P17 40 500 8
P18 43 300 3
P19 45 200 4
P20 48 400 6
P21 50 600 5
P22 52 350 3
P23 55 450 8
P24 57 250 6
P25 60 550 4
P26 62 200 3
P27 64 500 7
P28 67 300 2
P29 70 150 4
P30 73 400 6
P31 75 600 5
P32 78 200 8
P33 80 500 4
P34 83 350 6
P35 86 450 7
P36 88 150 5
P37 90 300 3
P38 93 400 2
P39 95 500 6
P40 98 200 4
P41 100 250 5
P42 103 450 8
P43 105 300 7
P44 108 150 3
P45 110 500 4
P46 113 350 6
P47 116 400 5
P48 118 600 7
P49 120 250 4
P50 123 450 3
P51 126 300 6
P52 128 150 5
P53 130 500 4
P54 133 200 7
P55 135 400 3
P56 138 350 6
P57 140 550 8
P58 143 250 5
P59 146 300 4
P60 148 450 3
P61 150 600 7
P62 153 200 6
P63 156 500 8
P64 158 400 5
P65 160 150 3
P66 163 300 4
P67 166 350 7
P68 168 500 6
P69 170 250 4
P70 173 450 5
P71 175 600 7
P72 178 200 8
P73 180 400 4
P74 183 500 6
P75 185 150 5
P76 188 300 3
P77 190 450 7
P78 193 250 4
P79 196 600 5
P80 198 400 6
P81 200 500 4
P82 203 350 3
P83 206 300 5
P84 208 200 7
P85 210 450 8
P86 213 150 4
P87 215 600 5
P88 218 500 6
P89 221 250 3
P90 223 400 4
P91 226 350 6
P92 228 200 5
P93 230 450 7
P94 233 300 3
P95 236 500 6
P96 238 150 8
P97 240 600 4
P98 243 400 5
P99 246 250 7
P100 248 300 6